g=100;
E=1.5;

% Error 1

g = -100;

